       1.2939029   4.8127118
       1.6213239   3.9960574
       1.7215530   3.7985026
       2.1492030   3.1314753
       2.2561168   2.9979038
       2.5768541   2.6528623
       3.0045021   2.2891259
       3.8598043   1.7660455
       3.8932123   1.7494471
       4.2874543   1.5694666
       4.4578448   1.4996477
       4.7151003   1.4019187
       5.1427534   1.2568518
       5.1661390   1.2494678
       5.5704019   1.1295898
       5.9980514   1.0166982
       6.0682144   0.99936146
       6.4257010   0.91559355
       6.8533520   0.82429303
       7.2810021   0.74124753
       7.7086511   0.66522829
       8.1363022   0.59524745
       8.5639522   0.53050128
       8.7777767   0.49987998
       8.9916023   0.47032887
       9.4192508   0.41418152
       9.8469016   0.36159975
       10.274551   0.31219574
       10.702201   0.26563979
       10.852547   0.24989532
       11.129851   0.22164979
       11.557501   0.17998281
       11.985151   0.14042853
       12.158883   0.12492031
       12.412801   0.10280385
       12.840450   0.066948619
       13.268100   0.032722086
       13.695750   -1.4263479e-11
